# Empirical Bayesian Rates
# Rate in each gamma category: category 1, Rate= 0.1194438 category 2, Rate= 0.4859506 category 3, Rate= 1.511917 
# Posterior probability for each category, and each position is given.
POS	Rate	Categ 1	Categ 2	Categ 3	
1	1.511062	1.967086e-06	0.000831151	0.9991669	
2	0.1920131	0.8020771	0.1978944	2.848244e-05	
3	0.4399064	0.2418292	0.7166608	0.04151	
4	1.504674	8.315206e-06	0.007049209	0.9929425	
5	1.506572	6.640611e-07	0.00520892	0.9947904	
6	0.2721786	0.5837713	0.4160492	0.0001794919	
7	1.489221	0.0001189706	0.02196064	0.9779204	
8	0.6655373	0.009884065	0.8115436	0.1785724	
9	1.442707	0.0004258601	0.06688039	0.9326938	
10	1.508752	1.330055e-06	0.003083175	0.9969155	
11	1.410803	0.02068238	0.07048486	0.9088328	
12	0.4619735	0.3776028	0.5108762	0.111521	
13	0.5405627	0.1267967	0.7746777	0.09852558	
14	1.510594	8.64545e-10	0.001289845	0.9987102	
15	1.076657	9.667488e-05	0.424113	0.5757903	
16	0.4887309	0.1361922	0.8124458	0.05136197	
17	1.188652	0.007953425	0.304289	0.6877576	
18	0.5231581	0.005233942	0.9566305	0.03813558	
19	0.4813492	0.04338306	0.9456041	0.01101286	
20	0.9001791	0.04077417	0.5409155	0.4183103	
21	1.506713	1.615185e-05	0.005051101	0.9949327	
22	0.4320431	0.2344807	0.7342988	0.03122054	
23	0.7463572	0.1865091	0.4930484	0.3204425	
24	0.4827483	0.3326954	0.5515768	0.1157277	
25	0.1390091	0.9466225	0.05337542	2.07145e-06	
26	1.503766	2.640047e-05	0.007909259	0.9920643	
27	1.342599	0.03176172	0.1219252	0.8463131	
28	0.3438422	0.393033	0.6050752	0.001891811	
29	1.507346	9.694918e-06	0.004442773	0.9955475	
30	0.6145251	0.0007733301	0.87363	0.1255966	
31	0.1979869	0.7857804	0.2141901	2.94638e-05	
32	1.476466	0.0002559214	0.03420708	0.965537	
33	1.217733	4.321771e-05	0.2866797	0.7132771	
34	0.6314606	0.1039241	0.7171237	0.1789521	
35	0.2535652	0.6344669	0.3653859	0.0001472297	
36	1.228103	0.003467137	0.2719253	0.7246076	
37	0.3775432	0.2973768	0.7020547	0.0005684581	
38	0.1571225	0.8972141	0.102779	6.835958e-06	
39	0.7369523	0.06901056	0.6616878	0.2693016	
40	0.9489111	0.02876441	0.5097169	0.4615187	
41	0.4725631	0.03796952	0.9615153	0.000515192	
42	1.456686	9.708831e-05	0.05370145	0.9462015	
43	1.339209	0.02178148	0.1387752	0.8394434	
44	0.3980431	0.4625719	0.4578659	0.07956225	
45	1.320523	0.01529424	0.1657925	0.8189133	
46	0.4259811	0.3430591	0.5928415	0.0640995	
47	0.6240306	0.2128921	0.5764711	0.2106369	
48	1.46766	0.001115142	0.04162352	0.9572613	
49	0.5355596	0.004252045	0.9458756	0.04987235	
50	1.492702	0.0001151059	0.01857284	0.9813121	
51	0.5152443	0.03125943	0.9290214	0.03971917	
52	0.3957205	0.2486986	0.750405	0.0008963519	
53	1.471503	2.043827e-05	0.03936398	0.9606156	
54	1.183697	0.06065745	0.2375871	0.7017555	
55	0.9427034	0.02131528	0.5258777	0.452807	
56	0.5416055	0.01228648	0.9290781	0.05863546	
57	0.6604166	0.01611402	0.8080792	0.1758068	
58	0.5407285	0.002458275	0.943272	0.05426968	
59	1.496194	0.0001756975	0.01508752	0.9847368	
60	0.4926022	0.01997171	0.9664105	0.01361777	
61	0.1420319	0.9383795	0.0616169	3.626172e-06	
62	0.8226561	0.002068586	0.6690088	0.3289226	
63	0.5282818	0.06214095	0.8744005	0.06345852	
64	0.5075653	0.03267789	0.9345809	0.03274121	
65	1.324083	0.004762373	0.1766172	0.8186204	
66	0.3876607	0.2705469	0.7286077	0.0008454553	
67	1.104367	0.01295256	0.3796561	0.6073913	
68	0.5434628	0.01444799	0.9243342	0.06121785	
69	0.4551103	0.09472893	0.9014907	0.003780375	
70	0.4914202	0.1069812	0.8494707	0.04354814	
71	0.3584258	0.3504171	0.6487004	0.0008825249	
72	1.005576	0.01297163	0.4759211	0.5111073	
73	1.493112	0.0001202996	0.01816617	0.9817135	
74	0.4784646	0.03875097	0.9547025	0.006546528	
75	0.4598062	0.07515764	0.9234765	0.001365903	
76	0.4027543	0.2382178	0.7577741	0.004008093	
77	1.511797	3.011437e-08	0.0001171568	0.9998828	
78	0.4412239	0.2328539	0.7275582	0.03958787	
79	0.6098278	0.1280068	0.7055233	0.1664699	
80	0.7075396	0.09132661	0.660068	0.2486054	
81	1.351806	0.01565485	0.1348121	0.8495331	
82	0.4485164	0.1971796	0.7688686	0.03395187	
83	0.1304638	0.969934	0.03006546	5.779713e-07	
84	0.3462009	0.3928383	0.6030405	0.004121206	
85	0.521046	0.1914451	0.7059577	0.1025972	
86	1.506591	2.016085e-06	0.005189023	0.994809	
87	0.2357553	0.6828155	0.3171248	5.969424e-05	
88	1.298121	0.007234317	0.1985666	0.7941991	
89	1.162723	0.001019133	0.338973	0.6600079	
90	0.1543874	0.9046734	0.09532102	5.585465e-06	
91	0.807437	0.1886483	0.4306111	0.3807406	
92	1.422652	0.008959924	0.0748457	0.9161944	
93	1.350022	0.008916894	0.1456955	0.8453876	
94	0.5149077	0.005627497	0.9641379	0.03023456	
95	0.6958875	0.1428444	0.6015037	0.2556519	
96	0.6479459	0.09510831	0.7130208	0.1918709	
97	0.4935603	0.01858081	0.9673645	0.01405474	
98	1.348504	0.00101348	0.1579018	0.8410848	
99	0.8698942	0.0007656505	0.6247348	0.3744996	
100	0.5173837	0.269988	0.6029264	0.1270856	
101	0.4649308	0.2799967	0.6404677	0.07953563	
102	0.1221934	0.992498	0.007501879	7.994686e-08	
103	1.452719	0.002563573	0.05422068	0.9432157	
104	0.1302632	0.9704812	0.02951821	5.620688e-07	
105	0.1275132	0.9779851	0.02201407	7.93757e-07	
106	0.6600078	0.0573596	0.7524979	0.1901425	
107	0.1392393	0.945991	0.05400816	8.305634e-07	
108	1.491382	0.0001250013	0.01984652	0.9800285	
109	1.496613	8.966068e-05	0.01479565	0.9851147	
110	1.0586	0.0002812405	0.4414625	0.5582563	
111	0.3637538	0.3797503	0.6036953	0.01655442	
112	0.3342877	0.4793531	0.4972317	0.0234152	
113	0.3342877	0.4793531	0.4972317	0.0234152	
114	0.2686248	0.6045896	0.3912579	0.004152535	
115	0.4393256	0.151564	0.8397377	0.008698334	
116	0.3491571	0.3829364	0.6135982	0.003465349	
117	0.4174015	0.2040095	0.7899263	0.00606428	
118	0.5167491	0.07141597	0.8730531	0.05553095	
119	0.5167491	0.07141597	0.8730531	0.05553095	
120	0.2764706	0.57181	0.4281001	8.989678e-05	
121	0.3943875	0.2501946	0.7496739	0.0001314974	
122	0.1492952	0.9185688	0.08142509	6.150751e-06	
123	0.3521254	0.3676874	0.6314015	0.0009111069	
124	0.1403637	0.9429341	0.0570612	4.710446e-06	
125	0.2693886	0.5918909	0.4077485	0.0003606366	
126	0.4158396	0.1993386	0.7977881	0.002873318	
127	0.3195765	0.4559377	0.5433507	0.0007116586	
128	0.4158396	0.1993386	0.7977881	0.002873318	
129	0.7054157	0.0760296	0.6828998	0.2410706	
130	0.5480592	0.002591555	0.935946	0.06146246	
131	0.3996575	0.3375224	0.6260133	0.03646429	
132	0.1289496	0.9740652	0.02593428	4.762094e-07	
133	0.13598	0.9548851	0.0451136	1.257909e-06	
134	0.712938	0.2317732	0.4641879	0.3040389	
135	1.319132	0.001784311	0.1854842	0.8127315	
136	0.4831499	0.04032274	0.9480025	0.01167477	
137	0.1309994	0.9684741	0.03152475	1.134334e-06	
138	0.1298538	0.9715969	0.02840305	6.328995e-08	
139	0.1289496	0.9740652	0.02593428	4.762094e-07	
140	1.509272	8.134966e-06	0.002567124	0.9974247	
141	0.1294977	0.9725697	0.02742974	5.135619e-07	
142	0.3119675	0.4760963	0.5234072	0.0004965241	
143	0.478721	0.02186245	0.9773742	0.0007633827	
144	0.5212338	0.02078884	0.9373945	0.04181667	
145	0.3819773	0.2890106	0.7090877	0.001901695	
146	0.3915975	0.4318843	0.5057985	0.06231728	
147	0.4264963	0.395893	0.5206314	0.08347558	
148	0.4223962	0.3867515	0.5370349	0.07621363	
149	0.5686521	0.01681613	0.8965682	0.08661563	
150	1.510989	8.704013e-08	0.0009048603	0.9990951	
151	0.5101953	0.000491807	0.9757014	0.02380679	
152	0.5037456	0.0005569641	0.9818995	0.01754357	
153	0.4362929	0.1357862	0.8641078	0.0001060747	
154	1.463176	0.0002034075	0.04723172	0.9525649	
155	0.7404182	0.05333589	0.6795838	0.2670803	
156	0.4157336	0.2160937	0.7751509	0.008755445	
157	0.4379375	0.1366091	0.8613878	0.002003088	
158	0.2123192	0.7510278	0.2473879	0.001584243	
159	0.4726243	0.04947851	0.9458352	0.004686251	
160	0.1355824	0.9559697	0.04402918	1.12461e-06	
161	1.409013	0.0007666065	0.0992593	0.8999741	
162	0.1686703	0.8657263	0.1342598	1.388843e-05	
163	1.498728	2.288985e-06	0.0128528	0.9871449	
164	1.124508	0.09547629	0.2480208	0.6565029	
165	0.582351	0.1531733	0.698148	0.1486787	
166	1.404181	0.005432579	0.09763599	0.8969314	
167	1.004586	0.01512917	0.473957	0.5109139	
168	0.1418508	0.9388716	0.0611254	2.977062e-06	
169	0.1437654	0.9336477	0.06634932	2.932764e-06	
170	0.1774209	0.8418906	0.1580812	2.819189e-05	
171	0.8914296	0.1012084	0.4674204	0.4313712	
172	0.2774886	0.5721852	0.4265986	0.001216166	
173	0.5302846	0.00513618	0.9498171	0.04504672	
174	1.253038	0.03258975	0.2080958	0.7593144	
175	0.1304196	0.9700546	0.02994482	5.703509e-07	
176	0.301788	0.5168787	0.4779779	0.005143381	
177	0.4760218	0.08345856	0.896405	0.02013642	
178	0.4760218	0.08345856	0.896405	0.02013642	
179	0.4702745	0.208452	0.7323619	0.0591861	
180	0.9233973	0.07436582	0.4726934	0.4529408	
181	1.235664	0.01011316	0.2555354	0.7343515	
182	1.494169	0.0008736969	0.0161134	0.9830129	
183	1.508853	1.84478e-06	0.002984184	0.997014	
184	0.4274003	0.1624021	0.8366513	0.0009466211	
185	0.1300209	0.9711422	0.02885726	5.434383e-07	
186	1.453132	0.002078265	0.05447695	0.9434448	
187	0.9351082	0.02966365	0.52195	0.4483864	
188	0.1552862	0.9022212	0.09777312	5.645189e-06	
189	0.5634205	0.05068305	0.8557022	0.0936147	
190	0.2730984	0.5978043	0.3961066	0.006089027	
191	0.3844372	0.2944554	0.6993002	0.006244385	
192	0.3844372	0.2944554	0.6993002	0.006244385	
193	0.1618184	0.8844019	0.1155913	6.876046e-06	
194	0.1407674	0.9418256	0.05817215	2.21088e-06	
195	0.2370076	0.6793999	0.32054	6.010938e-05	
196	0.2329093	0.6905728	0.3093704	5.681932e-05	
197	0.2772299	0.5696803	0.4302505	6.921873e-05	
198	0.1304157	0.9700651	0.02993435	5.702869e-07	
199	0.5027964	0.006011396	0.9754217	0.01856692	
200	0.4826776	0.1838655	0.7536423	0.06249222	
201	1.05816	0.005923992	0.4342331	0.5598429	
202	0.1297299	0.9719362	0.02806329	5.278839e-07	
203	0.1877648	0.8147539	0.1848299	0.000416206	
204	0.9040375	0.003588953	0.5876237	0.4087873	
205	1.007365	0.003089711	0.4875894	0.5093209	
206	0.3971053	0.3108726	0.6646708	0.02445656	
207	0.3971053	0.3108726	0.6646708	0.02445656	
208	0.6385719	0.01605523	0.8294509	0.1544939	
209	0.6526013	0.01583957	0.8160692	0.1680912	
210	1.160518	0.001607583	0.3403235	0.6580689	
211	0.9040375	0.003588953	0.5876237	0.4087873	
212	1.185919	0.002192791	0.3147712	0.683036	
213	0.9979842	0.00320162	0.4965804	0.5002179	
214	0.9040375	0.003588953	0.5876237	0.4087873	
215	0.9818578	0.00273624	0.5129303	0.4843335	
216	0.9104225	0.00331843	0.5817675	0.4149141	
217	0.9040375	0.003588953	0.5876237	0.4087873	
218	0.45091	0.1042328	0.8926857	0.003081479	
219	1.139854	0.005060092	0.3557786	0.6391613	
220	0.1538809	0.9060648	0.09392618	9.013387e-06	
221	0.8803882	0.08198654	0.5042708	0.4137426	
222	0.446506	0.2601718	0.6853332	0.05449505	
223	0.6770505	0.0001058012	0.8135932	0.186301	
224	0.2259234	0.7097585	0.29014	0.0001014909	
225	0.4634201	0.1262945	0.8505495	0.02315606	
226	0.1952866	0.7931635	0.2068016	3.489466e-05	
227	1.124274	0.01944932	0.3514355	0.6291152	
228	1.094275	0.008066117	0.396124	0.5958099	
229	1.094275	0.008066117	0.396124	0.5958099	
230	0.8541538	0.1297918	0.4649585	0.4052497	
231	1.189848	0.009066375	0.3016125	0.6893211	
232	0.4160338	0.3515214	0.5910516	0.05742698	
233	0.8270417	0.01313321	0.649717	0.3371498	
234	0.4191916	0.2071285	0.7839483	0.008923257	
235	1.429261	0.001950371	0.07791766	0.920132	
236	0.72273	0.1052209	0.6264044	0.2683747	
237	1.392207	0.01359157	0.09823415	0.8881743	
238	0.2395587	0.6725675	0.3273266	0.0001058972	
239	0.1618391	0.8843453	0.1156477	6.909616e-06	
240	0.6011087	0.1669312	0.6611923	0.1718764	
241	0.150265	0.9159261	0.08406654	7.363322e-06	
242	0.364709	0.3326586	0.6666786	0.0006628373	
243	0.364709	0.3326586	0.6666786	0.0006628373	
244	0.1287004	0.9747449	0.02525466	4.611223e-07	
245	1.454815	0.001564555	0.05353371	0.9449017	
246	1.450201	0.001740355	0.05779266	0.940467	
247	1.483148	0.0001458184	0.02784359	0.9720106	
248	0.1222713	0.9922855	0.007714437	4.711281e-08	
249	1.247061	0.009619117	0.2450979	0.745283	
250	0.4628798	0.07469982	0.921102	0.004198156	
251	0.142148	0.9380601	0.06193724	2.699453e-06	
252	0.2530428	0.6792039	0.3051766	0.01561948	
253	0.2101233	0.7548694	0.2443143	0.0008162948	
254	0.4913219	0.1210233	0.830508	0.04846866	
255	0.8071227	0.006112092	0.6786611	0.3152268	
256	0.4454721	0.2254197	0.7335074	0.04107287	
257	0.249558	0.6452858	0.354608	0.000106229	
258	0.632799	0.1220188	0.6912606	0.1867206	
259	0.5696378	0.003949878	0.91307	0.08298015	
260	0.1585404	0.8933441	0.1066495	6.367024e-06	
261	0.2993295	0.5365748	0.4536421	0.009783145	
262	0.3372628	0.4459389	0.5396826	0.01437848	
263	0.1296071	0.9722712	0.02772823	5.2128e-07	
264	0.1573438	0.8966083	0.1033856	6.072315e-06	
265	0.1569237	0.8977544	0.1022395	6.081234e-06	
266	0.2841688	0.5511869	0.448587	0.0002260812	
267	0.467978	0.0607634	0.9350477	0.004188889	
268	0.1495223	0.9179545	0.08203745	8.080723e-06	
269	0.4595944	0.07817548	0.9195869	0.002237588	
270	0.4143066	0.2192093	0.7723132	0.008477539	
271	0.4971184	0.008685562	0.9773266	0.01398788	
272	0.4432182	0.2286868	0.7312702	0.04004305	
273	0.6845867	0.009670164	0.7932667	0.1970632	
274	0.9329577	0.03293434	0.519607	0.4474587	
275	0.3583532	0.3498574	0.6495308	0.0006117941	
276	0.1727161	0.8546914	0.1452933	1.532264e-05	
277	0.4983387	0.0294101	0.9480091	0.02258079	
278	0.1295886	0.9723217	0.02767779	5.184838e-07	
279	0.3161989	0.5097677	0.473583	0.01664931	
280	0.4655039	0.06747544	0.9283495	0.0041751	
281	0.5528392	0.07961595	0.8267472	0.0936369	
282	0.5954017	0.2007534	0.6208505	0.1783962	
283	0.5427036	0.04878566	0.8784699	0.0727444	
284	0.3568764	0.3882539	0.5988573	0.01288881	
285	0.1246869	0.9856951	0.01430461	2.52888e-07	
286	0.4729408	0.03949669	0.9590744	0.001428961	
287	0.1246869	0.9856951	0.01430461	2.52888e-07	
288	1.366827	0.01719386	0.1180827	0.8647235	
289	1.352541	0.007871191	0.1446598	0.847469	
290	0.1567623	0.8982055	0.1017846	9.844612e-06	
291	1.200473	0.00456728	0.2973629	0.6980698	
292	0.6204074	0.03787532	0.8175407	0.144584	
293	0.1570825	0.8973214	0.1026725	6.089982e-06	
294	0.127629	0.9776683	0.02233123	5.027872e-07	
295	0.4005174	0.2370654	0.7615184	0.001416133	
296	0.3938821	0.27326	0.7188614	0.007878609	
297	0.1576161	0.8958657	0.1041281	6.21363e-06	
298	0.1519215	0.9113999	0.0885951	5.028867e-06	
299	0.1368037	0.9526378	0.0473608	1.355615e-06	
300	1.480276	0.0004258188	0.03026271	0.9693115	
301	0.4901936	0.242313	0.6669898	0.09069727	
302	1.49582	0.0002617166	0.01533443	0.9844039	
303	1.392059	0.01335798	0.09869475	0.8879473	
304	1.511915	3.903473e-11	2.79125e-06	0.9999972	
305	1.469992	0.001512625	0.03881165	0.9596757	
306	0.43434	0.1625747	0.829653	0.007772329	
307	1.367613	0.001786464	0.1382276	0.859986	
308	0.5011617	0.479783	0.3339977	0.1862193	
309	1.395188	0.01318645	0.0958782	0.8909353	
310	0.9302896	0.0001102772	0.5667574	0.4331323	
311	0.4110844	0.2445993	0.7409936	0.01440702	
312	0.2028301	0.7726687	0.2272651	6.613413e-05	
313	0.1515437	0.9124304	0.08756461	4.947095e-06	
314	0.1304567	0.9699533	0.03004616	5.8061e-07	
315	0.1364283	0.9536615	0.04633737	1.087724e-06	
316	0.7253867	0.0004568332	0.7660039	0.2335393	
317	0.1451916	0.9297594	0.07023649	4.092484e-06	
318	0.4889728	0.08108903	0.8869978	0.03191321	
319	1.352528	0.01998753	0.1282277	0.8517848	
320	1.120769	0.04119395	0.3253389	0.6334672	
321	0.503954	0.004590578	0.9762217	0.01918769	
322	1.395115	0.01319521	0.09593703	0.8908678	
323	0.4624722	0.2147501	0.7314188	0.05383111	
324	0.7035763	0.09111873	0.6642132	0.2446681	
325	0.1275341	0.9779269	0.0220727	3.844474e-07	
326	1.047879	0.05108574	0.382959	0.5659553	
327	0.4253687	0.1654464	0.8344996	5.393831e-05	
328	1.501513	2.44003e-05	0.01010848	0.9898671	
329	0.5242605	0.004618064	0.9563919	0.03899003	
330	1.413142	0.01045413	0.08208668	0.9074592	
331	1.385293	0.01331906	0.1053425	0.8813385	
332	0.4131379	0.2010522	0.7980957	0.0008521353	
333	0.6564892	0.05213462	0.7630189	0.1848464	
334	0.1301249	0.9708589	0.0291404	6.598585e-07	
335	0.441829	0.1245918	0.8739051	0.001503151	
336	1.511096	3.128231e-08	0.0008009139	0.9991991	
337	1.509439	1.84884e-06	0.002412789	0.9975854	
338	0.5385885	0.3028289	0.5376856	0.1594855	
339	0.1245994	0.9859338	0.01406595	2.143091e-07	
340	0.4846388	0.005976931	0.9931665	0.0008565573	
341	0.5154108	0.1467696	0.7720851	0.08114522	
342	1.398369	0.01281176	0.09328627	0.893902	
343	0.1770703	0.842824	0.1571561	1.991152e-05	
344	0.7219283	0.03076881	0.7282344	0.2409968	
345	0.958419	0.1356357	0.3554007	0.5089636	
346	0.9146757	0.0530601	0.5101109	0.436829	
347	0.1274244	0.9782252	0.02177482	7.675362e-09	
348	1.341824	0.005828415	0.157878	0.8362936	
349	0.2507915	0.6491979	0.3480959	0.002706126	
350	1.182824	0.015416	0.2998416	0.6847424	
351	1.489818	6.066155e-06	0.0215322	0.9784617	
352	1.425342	0.002936502	0.08039892	0.9166646	
353	0.1276886	0.9775053	0.02249425	3.955596e-07	
354	1.451976	0.002620409	0.0548676	0.942512	
355	1.445753	4.373912e-06	0.06448392	0.9355117	
356	1.509659	1.524427e-05	0.002180265	0.9978045	
357	0.4024611	0.3219481	0.6444186	0.0336333	
358	0.4158396	0.1993386	0.7977881	0.002873318	
359	0.2813234	0.5613145	0.4376149	0.001070611	
360	1.480125	0.0001210744	0.03082349	0.9690554	
361	0.4226756	0.2052872	0.7830514	0.01166137	
362	0.7439388	0.04777096	0.6837051	0.2685239	
363	0.4029433	0.2588993	0.7295203	0.0115804	
364	1.314842	0.009147206	0.1796731	0.8111797	
365	0.1574068	0.8964682	0.1035144	1.740716e-05	
366	1.509299	2.359639e-08	0.002552348	0.9974476	
367	0.4931031	0.04644225	0.9299956	0.02356211	
368	0.5387954	0.00444847	0.9424551	0.05309644	
369	0.1300643	0.9710239	0.02897553	5.536483e-07	
370	1.502715	2.51534e-05	0.008934994	0.9910399	
371	0.2582545	0.6215418	0.3783576	0.0001005741	
372	0.4297064	0.160624	0.8368168	0.002559185	
373	0.6005904	0.2020374	0.6140504	0.1839122	
374	1.411634	0.003265839	0.09331309	0.9034211	
375	0.3300201	0.4261612	0.5735849	0.0002539056	
376	0.1516276	0.9122017	0.08779337	4.964789e-06	
377	1.097159	0.009180036	0.3918012	0.5990188	
378	1.348578	0.00266868	0.1555834	0.8417479	
379	1.140554	0.001843844	0.3594619	0.6386942	
380	0.9947355	0.01299291	0.4864579	0.5005492	
381	0.4138993	0.1969748	0.8028875	0.0001376934	
382	0.1275287	0.9779417	0.02205793	3.851397e-07	
383	0.1285852	0.9750594	0.02494016	4.499841e-07	
384	0.4182928	0.2133079	0.7764374	0.01025468	
385	0.5065087	0.04214298	0.9227644	0.03509259	
386	0.7804912	1.482206e-05	0.712894	0.2870912	
387	0.7470001	0.06584774	0.656187	0.2779653	
388	1.225121	0.03749705	0.2286452	0.7338578	
389	0.9407363	0.1274353	0.3837656	0.488799	
390	1.463819	0.0004762508	0.04623502	0.9532887	
391	1.420534	0.00207353	0.08625615	0.9116703	
392	1.498828	9.106118e-05	0.01263476	0.9872742	
393	1.062643	0.04998421	0.3700631	0.5799527	
394	1.40925	0.02107809	0.07146137	0.9074605	
395	1.475368	0.001043103	0.03420824	0.9647487	
396	0.9368661	0.02805081	0.5224256	0.4495236	
397	1.135761	0.005975906	0.3585257	0.6354984	
398	0.5215194	0.027416	0.9281216	0.0444624	
399	0.4490376	0.1522824	0.8292964	0.01842119	
400	1.429747	0.008735044	0.06823504	0.9230299	
401	1.345218	0.004458812	0.1564291	0.839112	
402	1.49346	0.0002756393	0.01761641	0.9821079	
403	1.422614	0.004104695	0.08147243	0.9144229	
404	1.479367	0.0004756431	0.03108059	0.9684438	
405	1.50665	2.506281e-06	0.005130377	0.9948671	
406	1.481011	0.0001059065	0.02998038	0.9699137	
407	0.2550098	0.6303528	0.3695617	8.552538e-05	
408	1.359634	0.001751816	0.1460513	0.8521969	
409	1.277101	0.01428354	0.2094872	0.7762292	
410	0.7023076	0.04029115	0.7344345	0.2252743	
411	0.4648203	0.06535875	0.9318886	0.002752682	
412	1.423791	0.003246965	0.08148952	0.9152635	
413	0.474052	0.05142871	0.9417968	0.006774451	
414	0.1291074	0.9736347	0.02636481	4.871765e-07	
415	0.5767308	0.0908716	0.7881837	0.1209447	
416	0.467058	0.05519488	0.9435022	0.001302923	
417	1.394139	0.007741659	0.1042906	0.8879677	
418	0.4639315	0.07207826	0.923635	0.004286775	
419	0.8366158	0.03918759	0.6050234	0.355789	
420	0.4490125	0.1017655	0.8978839	0.0003505719	
421	1.423424	0.01747146	0.06254141	0.9199871	
422	0.5366035	0.1224477	0.7844392	0.09311302	
423	1.329142	0.00890906	0.1660579	0.8250331	
424	1.445496	0.0002690124	0.06437552	0.9353555	
425	0.3617318	0.3591735	0.6335936	0.007232894	
426	0.8942637	0.07207192	0.5042029	0.4237252	
427	0.6162136	0.003963584	0.8676544	0.128382	
428	0.5790363	0.2876948	0.518802	0.1935032	
429	0.5366103	0.1782165	0.7087415	0.1130419	
430	1.495631	9.713508e-05	0.01574204	0.9841608	
431	0.4630313	0.06884878	0.9288955	0.002255702	
432	1.493458	0.002081048	0.01516732	0.9827516	
433	0.4794113	0.06906647	0.9126347	0.01829887	
434	1.364487	0.006268936	0.1351903	0.8585408	
435	0.5109463	0.007412406	0.9655765	0.02701105	
436	0.3056266	0.4933169	0.5062152	0.0004678753	
437	0.135692	0.9556678	0.04433207	1.453997e-07	
438	0.1450834	0.9300604	0.06993346	6.100326e-06	
439	1.090124	0.0166658	0.3884987	0.5948355	
440	0.1360091	0.9548099	0.04518731	2.792558e-06	
441	1.306786	0.002168865	0.196996	0.8008352	
442	0.3619119	0.3613907	0.6304087	0.008200578	
443	1.300178	7.67369e-05	0.2062765	0.7936468	
444	1.159261	0.001389211	0.3418455	0.6567653	
445	0.5604853	0.1436051	0.7324465	0.1239484	
446	1.13222	0.007024799	0.3605532	0.632422	
447	1.311972	0.001806964	0.1924321	0.805761	
448	1.427347	0.003483689	0.07770225	0.9188141	
449	0.2185665	0.7297395	0.2701919	6.860035e-05	
450	0.2956497	0.519398	0.4805415	6.047287e-05	
451	1.178334	0.008211774	0.313995	0.6777932	
452	1.281079	0.03233266	0.181113	0.7865544	
453	1.366531	0.01762675	0.1177828	0.8645904	
454	1.183954	0.003654496	0.3147032	0.6816423	
455	0.1983525	0.7847839	0.2151864	2.974299e-05	
456	1.332793	0.02828049	0.1362073	0.8355122	
457	1.490788	0.0001507665	0.02038963	0.9794596	
458	1.503642	7.71325e-05	0.007961369	0.9919615	
459	0.5062705	0.00142123	0.9782655	0.02031331	
460	1.51165	1.022086e-07	0.0002606173	0.9997393	
461	0.4880015	0.002199391	0.9950159	0.002784737	
462	0.4567293	0.1043107	0.886908	0.008781245	
463	1.46576	0.001228054	0.04332205	0.9554499	
464	1.397521	0.001242952	0.1098143	0.8889428	
465	0.1990578	0.7828714	0.2170946	3.403716e-05	
466	1.48606	0.0001254331	0.02503232	0.9748423	
467	1.511644	1.096829e-09	0.0002661827	0.9997338	
468	0.3583033	0.3507192	0.6484096	0.0008711208	
469	0.4711226	0.06331142	0.9285245	0.008164122	
470	0.229362	0.7002442	0.2997015	5.431417e-05	
471	1.507963	1.21897e-07	0.003854433	0.9961454	
472	0.5125394	0.07479575	0.872569	0.05263521	
473	0.4893468	0.02018637	0.9692922	0.01052141	
474	0.2408517	0.6690679	0.330816	0.0001160242	
475	0.4893616	0.002737492	0.9929599	0.004302569	
476	0.121057	0.9955984	0.004401571	7.674011e-10	
477	1.352123	0.01502685	0.135355	0.8496182	
478	0.127665	0.9775706	0.0224287	6.854726e-07	
479	0.1305015	0.969831	0.03016842	5.670712e-07	
480	0.445595	0.1102525	0.8896962	5.13776e-05	
481	0.8535529	0.0005415675	0.6409666	0.3584919	
482	0.390198	0.3187263	0.660744	0.02052969	
483	0.2994146	0.5136781	0.4846353	0.00168667	
484	0.2497106	0.6524102	0.3447897	0.002800102	
485	1.499715	0.0001097944	0.01174419	0.988146	
486	1.505259	4.809892e-05	0.006424975	0.9935269	
487	1.511199	9.41764e-07	0.0006991161	0.9992999	
488	1.393964	0.012972	0.09736239	0.8896656	
489	0.7668238	0.1841976	0.4762369	0.3395654	
490	0.3743742	0.3391082	0.6485044	0.01238741	
491	1.059333	0.02858289	0.4023361	0.569081	
492	0.5278699	0.2635584	0.6014322	0.1350094	
493	0.1364756	0.9535335	0.04646509	1.439182e-06	
494	0.1525467	0.9096945	0.09030031	5.168087e-06	
495	0.4422505	0.1194042	0.8805351	6.07568e-05	
496	1.396626	0.01297228	0.09476724	0.8922605	
497	1.14922	0.08213395	0.2420433	0.6758228	
498	1.355894	0.003976667	0.146677	0.8493464	
499	1.205671	0.05110156	0.2291386	0.7197599	
500	1.382488	0.01579931	0.1047102	0.8794905	
501	1.111934	0.06810435	0.2974266	0.634469	
502	0.8353107	0.06298459	0.5739974	0.363018	
503	1.456595	0.002184964	0.05095637	0.9468587	
504	0.764338	0.0004425874	0.7280578	0.2714996	
505	1.190901	0.005194537	0.3058414	0.688964	
506	1.279359	0.006895463	0.2173142	0.7757903	
507	0.1386699	0.9475496	0.05244776	2.626198e-06	
508	1.429399	0.008214792	0.06928049	0.9225047	
509	0.5621578	0.03610319	0.8767212	0.08717564	
510	1.171549	0.001906242	0.3291668	0.6689269	
511	0.6636563	0.05603652	0.7507375	0.193226	
512	0.6637283	0.001189511	0.8251073	0.1737031	
513	0.9548919	0.1258213	0.3721589	0.5020198	
514	1.446962	0.001936006	0.06068425	0.9373797	
515	1.381861	0.0004543585	0.1261477	0.8733979	
516	0.5170836	0.007090467	0.9600316	0.03287798	
517	0.1222424	0.9923642	0.007635784	4.610381e-08	
518	1.367777	0.01559994	0.1193199	0.8650802	
519	1.511757	1.277862e-07	0.0001560987	0.9998438	
520	0.1812781	0.8313905	0.1685726	3.685352e-05	
521	1.507636	2.965321e-06	0.004168847	0.9958282	
522	0.7676896	0.01988757	0.6983997	0.2817128	
523	1.462757	0.0001621947	0.04769618	0.9521416	
524	1.465094	0.0001968847	0.0453713	0.9544318	
525	0.4369894	0.1765637	0.8080843	0.01535194	
526	1.167446	0.0001487338	0.335551	0.6643003	
527	1.385605	0.01450221	0.1034327	0.8820651	
528	1.51183	1.830307e-09	8.516257e-05	0.9999148	
529	0.2439307	0.6605628	0.3393584	7.8821e-05	
530	1.505088	3.654854e-07	0.006655884	0.9933438	
531	0.1299109	0.9714412	0.02855871	1.146916e-07	
532	1.477772	0.0002295908	0.03296958	0.9668008	
533	1.417312	0.009638982	0.07912892	0.9112321	
534	0.201401	0.7763925	0.2236041	3.422823e-06	
535	1.422614	0.004104695	0.08147243	0.9144229	
536	0.1807727	0.8327767	0.1671839	3.944305e-05	
537	0.4804435	0.01813368	0.9807561	0.001110219	
538	1.510281	5.942749e-06	0.001587319	0.9984067	
539	1.496994	1.576829e-05	0.01452438	0.9854598	
540	1.474762	8.976674e-06	0.0362029	0.9637881	
541	0.5836011	0.1133111	0.7510317	0.1356572	
542	1.241574	0.008589448	0.2518428	0.7395677	
543	0.4551831	0.0960344	0.899648	0.004317635	
544	0.1304006	0.9701064	0.02989299	5.664081e-07	
545	1.29657	0.009401902	0.1971361	0.793462	
546	0.3614661	0.3408319	0.6587463	0.0004217934	
547	1.370299	0.002785701	0.1342534	0.8629609	
548	1.200989	0.003895822	0.2977718	0.6983324	
549	0.485418	0.03702287	0.9502706	0.01270658	
550	0.485418	0.03702287	0.9502706	0.01270658	
551	0.9932112	0.0003796062	0.5050628	0.4945576	
552	1.416501	2.193605e-06	0.09299832	0.9069995	
553	1.292644	0.006579749	0.2047937	0.7886266	
554	1.42951	0.00217084	0.07737534	0.9204538	
555	1.511193	6.267599e-06	0.0006975767	0.9992962	
556	1.485471	0.0003677822	0.0252781	0.9743541	
557	0.6755213	0.0005062894	0.8145401	0.1849536	
558	1.316303	0.008797671	0.1787235	0.8124788	
559	0.5449513	0.2768862	0.5666942	0.1564196	
560	0.787342	0.04401002	0.6465049	0.3094851	
561	0.3388595	0.4030793	0.5962966	0.0006240213	
562	0.4444909	0.1771644	0.7999574	0.02287823	
563	0.2411864	0.6746667	0.3228909	0.002442372	
564	0.3513951	0.3692747	0.629959	0.0007662947	
565	1.417027	2.923418e-05	0.09244959	0.9075212	
566	0.4593879	0.09731878	0.8938063	0.008874909	
567	0.4706274	0.04259359	0.9571261	0.0002803576	
568	0.2191695	0.7304605	0.2686256	0.000913943	
569	1.510088	8.366896e-06	0.001771598	0.99822	
570	1.035794	0.001971571	0.4613968	0.5366316	
571	1.511532	2.213974e-07	0.0003758162	0.999624	
572	1.028099	0.03811932	0.4198364	0.5420443	
573	1.026351	0.007707493	0.4628161	0.5294765	
574	0.1882434	0.8123389	0.1876411	1.99805e-05	
575	0.1748856	0.8487733	0.1512109	1.581718e-05	
576	1.084691	0.0648478	0.3284002	0.606752	
577	0.3714333	0.3126497	0.6872811	6.915279e-05	
578	1.511917	1.532102e-10	3.518231e-07	0.9999996	
579	0.8739152	0.05391982	0.548673	0.3974072	
580	0.4450595	0.1173333	0.8806078	0.002058894	
581	0.4382783	0.144984	0.8496891	0.005326991	
582	0.324189	0.4424759	0.5571257	0.0003984727	
583	0.1582646	0.8940812	0.105918	8.268459e-07	
584	0.4527889	0.1720124	0.7988618	0.02912577	
585	1.498388	0.0001327473	0.01300686	0.9868604	
586	0.3483102	0.3781883	0.6208681	0.0009436366	
587	0.1464142	0.9264237	0.0735723	4.044695e-06	
588	1.499778	6.794361e-05	0.01174036	0.9881917	
589	0.3617552	0.3401024	0.6594547	0.0004429134	
590	1.466711	0.00108937	0.04258385	0.9563268	
591	0.1297299	0.9719362	0.02806329	5.278839e-07	
592	1.373807	0.003202448	0.1302689	0.8665286	
593	1.446662	0.0003484733	0.06313097	0.9365206	
594	0.1285588	0.9751313	0.02486828	4.504144e-07	
595	0.1285588	0.9751313	0.02486828	4.504144e-07	
596	0.1285588	0.9751313	0.02486828	4.504144e-07	
597	0.1285588	0.9751313	0.02486828	4.504144e-07	
598	0.1285588	0.9751313	0.02486828	4.504144e-07	
599	1.315091	4.83541e-05	0.191779	0.8081727	
600	1.441837	0.0002829783	0.06792298	0.931794	
601	0.7650846	0.07231788	0.6297788	0.2979033	
602	0.6028304	0.216239	0.5925922	0.1911688	
603	1.416548	4.077866e-06	0.09295046	0.9070455	
604	0.9003502	0.07675992	0.4919078	0.4313323	
605	0.4526697	0.09596295	0.9021947	0.001842385	
606	1.252239	2.475085e-05	0.2530721	0.7469032	
607	0.9527928	0.02570067	0.5100916	0.4642077	
608	1.471308	0.005281421	0.03241357	0.962305	
609	1.511329	1.404516e-08	0.0005735921	0.9994264	
610	1.399071	5.672566e-05	0.1099134	0.8900299	
611	0.5987031	0.0009213957	0.8888506	0.110228	
612	0.3779481	0.2960134	0.7035105	0.0004760647	
613	1.485532	4.315366e-05	0.02565954	0.9742973	
614	1.499237	2.635782e-06	0.01235581	0.9876416	
615	0.6319212	0.00053601	0.8569964	0.1424676	
616	0.1321894	0.9652262	0.03477308	7.0585e-07	
617	1.511514	1.094198e-07	0.0003927215	0.9996072	
618	0.2729455	0.5919657	0.40418	0.003854252	
619	1.131053	0.0004555711	0.3706065	0.6289379	
620	0.1475374	0.9233595	0.07663633	4.199813e-06	
621	0.3009274	0.5055009	0.4942591	0.000240066	
622	0.5391131	0.09290389	0.822091	0.08500511	
623	0.1307125	0.9692554	0.03074404	5.844711e-07	
624	0.7948696	0.04520975	0.6375396	0.3172507	
625	0.4183997	0.1905731	0.8071895	0.002237378	
626	0.5744585	0.02512225	0.8796355	0.09524224	
627	0.4763201	0.03481973	0.9621284	0.003051903	
628	0.4758657	0.0341331	0.9635031	0.002363787	
629	0.4677222	0.102948	0.8780429	0.01900918	
630	0.3290938	0.4288792	0.5707989	0.0003219726	
631	0.9129041	0.01999812	0.5567105	0.4232914	
632	1.508768	7.388927e-06	0.003059329	0.9969333	
633	0.7523264	0.0001916788	0.740106	0.2597024	
634	1.511917	6.422193e-10	6.986968e-07	0.9999993	
635	0.3887374	0.2794182	0.7155179	0.005063931	
636	1.082016	0.007079517	0.409412	0.5835085	
637	0.4079392	0.2162819	0.7824925	0.001225598	
638	0.9642489	0.05815918	0.4548719	0.486969	
639	0.7620629	0.2100409	0.445802	0.3441571	
640	1.503413	1.79917e-05	0.008264733	0.9917173	
641	1.508145	1.954652e-07	0.003676872	0.9963229	
642	1.475983	0.001243775	0.03333642	0.9654198	
643	1.497939	0.0006746424	0.01270898	0.9866164	
644	1.313331	0.01070069	0.1790372	0.8102621	
645	1.470089	0.0003283204	0.04032397	0.9593477	
646	1.249677	0.008423636	0.24417	0.7474064	
647	1.249677	0.008423636	0.24417	0.7474064	
648	0.227503	0.7053843	0.2945372	7.851295e-05	
649	0.3286075	0.4301764	0.5695122	0.0003114178	
650	0.8196626	0.06483059	0.5867441	0.3484253	
651	1.234282	0.01495335	0.2503134	0.7347333	
652	0.1889471	0.8104256	0.189552	2.24363e-05	
653	1.112969	0.001494572	0.3868224	0.6116831	
654	1.164832	0.03078861	0.2965138	0.6726976	
655	1.511839	4.579542e-09	7.640381e-05	0.9999236	
656	1.490149	0.0002365086	0.02089628	0.9788672	
657	1.509526	2.952361e-07	0.002330366	0.9976693	
658	0.5621536	0.2896638	0.5325852	0.1777511	
659	0.1394709	0.9453574	0.05464238	1.992367e-07	
660	0.1306283	0.9694852	0.03051427	5.747605e-07	
661	0.4461854	0.1345173	0.8561878	0.009294952	
662	0.2492548	0.646009	0.3539218	6.916023e-05	
663	0.1315621	0.9669375	0.03306182	6.532952e-07	
664	1.490561	4.088907e-05	0.02076052	0.9791986	
665	1.130881	0.02150058	0.3422117	0.6362877	
666	0.473918	0.1967459	0.7446985	0.05855563	
667	0.1835901	0.8250578	0.1749142	2.805924e-05	
668	1.25143	0.01992328	0.226854	0.7532227	
669	1.34476	0.005064797	0.1560524	0.8388828	
670	1.071976	0.0007352545	0.4278091	0.5714557	
671	0.7228734	0.01326981	0.7510635	0.2356667	
672	0.9467125	0.007656313	0.5405084	0.4518353	
673	0.7179171	0.04804547	0.7086957	0.2432588	
674	1.349594	0.004303899	0.1523742	0.8433219	
675	1.477297	0.0007592157	0.03271395	0.9665268	
676	1.467898	0.002466581	0.03955766	0.9579758	
677	1.449937	0.0003643814	0.05991751	0.9397181	
678	0.4767938	0.0702024	0.9136442	0.01615341	
679	1.424919	0.00105244	0.08336769	0.9155799	
680	1.50483	3.913782e-05	0.006854774	0.9931061	
681	1.27564	0.008632437	0.2185807	0.7727868	
682	0.3708038	0.3228336	0.6740728	0.003093558	
683	0.4186059	0.1991265	0.7953796	0.005493863	
684	1.511896	1.609638e-09	2.044868e-05	0.9999795	
685	0.5787912	0.06820346	0.8169413	0.1148552	
686	1.497787	0.0004517516	0.0131601	0.9863881	
687	1.511605	8.994526e-08	0.0003046246	0.9996953	
688	1.511287	6.55604e-07	0.0006139884	0.9993854	
689	1.408465	0.01103806	0.08585326	0.9031087	
690	1.50713	2.724745e-08	0.004665927	0.995334	
691	0.5023989	0.1231576	0.8168147	0.06002772	
692	1.104183	0.007843876	0.3867692	0.6053869	
693	1.40088	0.002396492	0.1049747	0.8926289	
694	1.008613	0.0006032475	0.4897472	0.5096496	
695	0.1266391	0.9803689	0.01963073	3.267829e-07	
696	0.4060018	0.2212214	0.7776768	0.001101767	
697	1.445038	0.00296279	0.06116537	0.9358718	
698	0.5793794	0.002531216	0.9055003	0.09196843	
699	0.5228913	0.1943919	0.7001597	0.1054485	
700	0.1309101	0.9687162	0.03128315	6.038797e-07	
701	1.312468	0.005070197	0.18752	0.8074098	
702	1.001047	0.02679277	0.461577	0.5116302	
703	0.2321632	0.6926069	0.3073368	5.629682e-05	
704	1.511815	1.616382e-09	0.0001000079	0.9999	
705	0.5389639	0.003072201	0.9441588	0.05276901	
706	1.089292	0.1171291	0.2529575	0.6299134	
707	1.494904	0.0001621613	0.01636294	0.9834749	
708	0.3054778	0.4924891	0.5074838	2.706578e-05	
709	1.508536	5.972214e-07	0.003295311	0.9967041	
710	0.2476395	0.6603983	0.3359667	0.003634992	
711	0.6503549	0.06266285	0.7547088	0.1826284	
712	1.045079	0.07610125	0.3517364	0.5721623	
713	0.488424	0.05817831	0.9186278	0.02319388	
714	0.7265364	0.03019554	0.724521	0.2452834	
715	0.1285588	0.9751313	0.02486828	4.504144e-07	
716	0.2036533	0.7703399	0.2296236	3.652134e-05	
717	0.8404312	0.0001429471	0.6542972	0.3455599	
718	1.295962	0.0008037135	0.2093987	0.7897976	
719	0.9526353	0.001426141	0.5431913	0.4553826	
720	0.2975214	0.5163256	0.4828872	0.0007872458	
721	0.7881789	0.01211072	0.6889839	0.2989054	
722	1.453688	3.717866e-08	0.05675551	0.9432445	
723	0.5759309	0.06087828	0.8296712	0.1094505	
724	0.4702293	0.05415628	0.9418208	0.004022873	
725	0.2150769	0.7394652	0.2603931	0.0001416858	
726	1.35758	0.003788223	0.14529	0.8509218	
727	1.505163	1.248404e-05	0.006566658	0.9934209	
728	1.498545	1.760307e-06	0.01303199	0.9869663	
729	0.5311975	0.01940371	0.929563	0.05103329	
730	0.1632461	0.8805077	0.1194849	7.401249e-06	
731	0.4927144	0.005448351	0.9860127	0.008538946	
732	0.3174887	0.4695493	0.5269115	0.003539243	
733	0.8984792	0.07411549	0.4973205	0.428564	
734	1.09089	0.04541242	0.3487359	0.6058517	
735	0.338276	0.4981908	0.4677772	0.034032	
736	0.754498	0.0002255362	0.7379433	0.2618311	
737	1.387346	0.003360195	0.1168577	0.8797821	
738	0.5402986	0.002368132	0.9438134	0.05381849	
739	1.46689	3.915528e-05	0.04383507	0.9561258	
740	0.5183568	0.02889872	0.9291917	0.04190958	
741	0.5025853	0.0005025063	0.9831043	0.01639319	
742	0.1762163	0.8451452	0.1548381	1.673785e-05	
743	0.6619052	0.1296228	0.6525707	0.2178065	
744	0.4140547	0.2143518	0.7791514	0.006496805	
745	0.2883556	0.5454042	0.4523546	0.002241135	
746	1.484634	0.0003350832	0.02613823	0.9735267	
747	0.54478	0.1612214	0.723845	0.1149336	
748	1.021803	0.03883962	0.4249957	0.5361647	
749	0.8394687	0.0979707	0.5224605	0.3795688	
750	1.327046	0.03562162	0.1318461	0.8325323	
751	0.2359983	0.6821613	0.3177759	6.281231e-05	
752	1.236215	0.01010237	0.2550133	0.7348844	
753	0.1430048	0.9357237	0.06427313	3.1976e-06	
754	0.5244743	0.01343957	0.9442107	0.04234971	
755	1.497963	8.221719e-05	0.01348975	0.986428	
756	0.9638496	0.03560196	0.4858764	0.4785217	
757	1.507811	6.671491e-07	0.004001172	0.9959982	
758	0.4843998	0.02887398	0.9623228	0.008803185	
759	1.511811	6.814015e-08	0.0001037236	0.9998962	
760	0.6938294	0.2028946	0.5220078	0.2750976	
761	1.499366	1.397653e-05	0.01221475	0.9877713	
762	0.742195	0.02228846	0.7199904	0.2577211	
763	0.5577303	0.03882391	0.877344	0.0838321	
764	1.511746	4.135407e-09	0.0001666881	0.9998333	
765	0.4797344	0.05204789	0.9354178	0.01253427	
766	0.474395	0.05297441	0.9393646	0.007660991	
767	0.5036129	0.04191473	0.9258968	0.03218852	
768	1.162063	0.00609712	0.332725	0.6611779	
769	0.4844109	0.02237132	0.9711377	0.00649098	
770	0.5017289	0.0237435	0.9523956	0.02386086	
771	0.1941736	0.7970483	0.2026138	0.0003378613	
772	0.2671962	0.6020182	0.3961403	0.001841504	
773	1.421882	2.082669e-05	0.08772875	0.9122504	
774	0.4171059	0.2302899	0.7545458	0.01516439	
775	0.4745964	0.03149852	0.9683161	0.0001854058	
776	1.353396	0.0001425996	0.1543155	0.8455419	
777	1.507437	0.0001284001	0.004193228	0.9956784	
778	1.416653	1.146791e-05	0.09283783	0.9071507	
779	0.7719775	0.1095703	0.5725001	0.3179296	
780	1.06725	0.01125369	0.4181396	0.5706067	
781	0.9112144	0.05296456	0.5136143	0.4334211	
782	1.003541	0.01193017	0.4793178	0.508752	
783	1.50866	3.451653e-06	0.003170783	0.9968258	
784	0.1398184	0.9444173	0.05557965	3.080235e-06	
785	1.017666	0.01650851	0.4593361	0.5241554	
786	1.497729	0.000339297	0.01336916	0.9862915	
787	1.28132	0.0004750058	0.2241163	0.7754087	
788	1.381332	0.0001242767	0.1271121	0.8727636	
789	1.503052	4.59358e-05	0.008579084	0.991375	
790	0.1291644	0.973479	0.02652053	4.922958e-07	
791	1.509073	1.908529e-08	0.002772229	0.9972278	
792	0.4883739	0.2723211	0.6280355	0.09964339	
793	1.141729	0.001055714	0.3593864	0.6395579	
794	1.509669	4.297822e-07	0.002191235	0.9978083	
795	0.4208632	0.1842414	0.813382	0.002376638	
796	0.1661835	0.8724982	0.1274926	9.21606e-06	
797	1.368923	0.0018355	0.1368837	0.8612808	
798	1.467326	0.0004200028	0.04289303	0.956687	
799	0.8785812	0.03820673	0.5654514	0.3963418	
800	0.4502078	0.1177461	0.8750295	0.007224407	
801	0.4502078	0.1177461	0.8750295	0.007224407	
802	0.8358321	0.09055274	0.536073	0.3733743	
803	1.126962	0.0226887	0.344419	0.6328923	
804	0.6214738	0.009133847	0.8555101	0.1353561	
805	0.6909949	0.08973954	0.678348	0.2319124	
806	0.9700501	0.09238806	0.4027609	0.504851	
807	1.509316	2.368611e-06	0.002532177	0.9974655	
808	1.02158	0.0227313	0.4470759	0.5301928	
809	1.394508	0.01289274	0.09693955	0.8901677	
810	0.4319583	0.1528087	0.8452291	0.001962206	
811	0.3991495	0.2549642	0.738559	0.006476812	
812	0.4064933	0.4482537	0.4690626	0.08268369	
813	1.408239	0.009713698	0.08787086	0.9024154	
814	1.321116	0.03720411	0.1354783	0.8273176	
815	1.504108	3.11248e-05	0.00756941	0.9923995	
816	0.6893148	0.1328953	0.6214133	0.2456914	
817	0.5084561	0.009570904	0.9650742	0.02535493	
818	0.7965196	0.05827658	0.6181966	0.3235268	
819	0.7670354	0.0605469	0.6438532	0.2955999	
820	0.9186176	0.05171485	0.5080946	0.4401905	
821	0.3648134	0.4016543	0.5729337	0.02541195	
822	0.5541172	0.1194609	0.7714226	0.1091165	
823	1.296438	0.002299547	0.2069049	0.7907955	
824	1.483682	4.589152e-05	0.02745818	0.9724959	
825	1.471059	0.0001718428	0.03959084	0.9602373	
826	1.056223	0.01303058	0.426476	0.5604934	
827	0.5234425	0.05004633	0.8955326	0.05442105	
828	0.7993904	0.1874007	0.4401473	0.372452	
829	1.488027	0.0002442953	0.02295396	0.9768017	
830	0.4757287	0.03002323	0.9692147	0.0007620557	
831	1.066068	0.0219277	0.4048044	0.5732679	
832	1.334832	0.004869731	0.1659943	0.829136	
833	0.3996443	0.2433085	0.7538961	0.002795405	
834	0.7728124	0.07202013	0.6226506	0.3053292	
835	1.399098	0.001519432	0.1079022	0.8905783	
836	0.8248463	0.01178304	0.6536893	0.3345277	
837	0.4612781	0.08544556	0.9080787	0.006475744	
838	0.1441905	0.9324889	0.06750782	3.295544e-06	
839	0.1302437	0.9705348	0.02946461	6.286162e-07	
840	1.080128	0.02221757	0.3907068	0.5870756	
841	1.506582	1.435957e-05	0.005181415	0.9948042	
842	1.421243	0.00282492	0.08454557	0.9126295	
843	1.389652	0.001755701	0.1167883	0.881456	
844	1.500393	6.259954e-06	0.01122418	0.9887696	
845	0.561677	0.2320786	0.611206	0.1567154	
846	1.475555	0.0008524282	0.03428546	0.9648621	
847	1.070241	0.06260496	0.3455286	0.5918664	
848	1.511734	2.042877e-07	0.000178301	0.9998215	
849	1.426458	0.0004829777	0.08264057	0.9168765	
850	0.3026519	0.50076	0.4990126	0.0002273434	
851	0.7035981	0.1295009	0.6120985	0.2584006	
852	1.289889	0.01009892	0.2027022	0.7871989	
